300.0 300.0 
0.0 0.0

0 0 3 
1 0 3 
2 0 3 
3 0 3 
4 0 3 
5 0 3 
6 0 3  
7 0 3  
8 0 3  
9 0 3  
10 0 1000 
11 0 3 
12 0 3 
13 0 3 
14 0 3 
15 0 3 
16 0 3  
17 0 3  
18 0 3  
19 0 3  
20 0 3 
21 0 3 
22 0 3 
23 0 3 
24 0 3 
25 0 1000
26 0 3  
27 0 3  
28 0 3  
29 0 3  
30 0 3 
31 0 3 
32 0 3 
33 3.14 3 
34 3.14 3 
35 3.14 3 
36 3.14 3  
37 3.14 3  
38 3.14 3  
39 3.14 3  
40 3.14 3 
41 3.14 3 
42 3.14 3 
43 3.14 3 
44 3.14 3 
45 3.14 3 
46 3.14 3  
47 3.14 3  
48 3.14 3  
49 3.14 3  
50 3.14 3 
51 3.14 1000
52 3.14 3 
53 3.14 3 
54 3.14 3 
55 3.14 3 
56 3.14 3  
57 3.14 3  
58 3.14 3  
59 3.14 3  
60 3.14 3 
61 3.14 3
62 3.14 3
63 3.14 3
